
Original:
0  0  0  |  0  7  1  |  0  0  2  
0  0  0  |  0  6  0  |  0  0  7  
0  0  0  |  0  0  0  |  3  4  5  
---------+-----------+----------
3  5  0  |  7  0  0  |  0  0  0  
0  0  0  |  0  0  3  |  0  0  0  
0  4  0  |  0  0  5  |  0  2  0  
---------+-----------+----------
0  0  2  |  0  0  0  |  4  0  0  
7  0  0  |  0  0  0  |  0  9  0  
0  0  1  |  9  8  0  |  0  0  0  


Solved:
5  9  4  |  3  7  1  |  6  8  2  
8  2  3  |  5  6  4  |  9  1  7  
1  7  6  |  2  9  8  |  3  4  5  
---------+-----------+----------
3  5  8  |  7  2  9  |  1  6  4  
2  1  7  |  6  4  3  |  8  5  9  
6  4  9  |  8  1  5  |  7  2  3  
---------+-----------+----------
9  6  2  |  1  5  7  |  4  3  8  
7  8  5  |  4  3  6  |  2  9  1  
4  3  1  |  9  8  2  |  5  7  6  

Backtracks: 94810
